/* Field profile:
/*    z Bz(axis)    rFT Bz(rmax)   rout Bz(rmax)
-1.2024 1.314871 0.0330 1.326791 0.0493 1.341845
-1.1974 1.316686 0.0330 1.327848 0.0493 1.341875
-1.1924 1.317482 0.0330 1.327869 0.0493 1.340848
-1.1874 1.317326 0.0330 1.326929 0.0494 1.338857
-1.1824 1.316289 0.0330 1.325110 0.0494 1.335992
-1.1774 1.314440 0.0330 1.322488 0.0494 1.332345
-1.1724 1.311849 0.0331 1.319142 0.0495 1.328003
-1.1674 1.308586 0.0331 1.315147 0.0496 1.323049
-1.1624 1.304716 0.0332 1.310576 0.0497 1.317565
-1.1574 1.300303 0.0332 1.305497 0.0498 1.311625
-1.1524 1.295410 0.0333 1.299977 0.0499 1.305299
-1.1474 1.290093 0.0334 1.294074 0.0500 1.298650
-1.1424 1.284406 0.0334 1.287846 0.0501 1.291737
-1.1374 1.278400 0.0335 1.281342 0.0502 1.284612
-1.1324 1.272119 0.0336 1.274610 0.0504 1.277320
-1.1274 1.265604 0.0337 1.267690 0.0505 1.269902
-1.1224 1.258894 0.0338 1.260618 0.0506 1.262392
-1.1174 1.252021 0.0339 1.253427 0.0508 1.254819
-1.1124 1.245014 0.0340 1.246143 0.0509 1.247209
-1.1074 1.237899 0.0341 1.238789 0.0511 1.239580
-1.1024 1.230697 0.0342 1.231386 0.0512 1.231949
-1.0974 1.223427 0.0343 1.223949 0.0514 1.224328
-1.0924 1.216104 0.0344 1.216490 0.0516 1.216725
-1.0874 1.208741 0.0345 1.209019 0.0517 1.209147
-1.0824 1.201347 0.0346 1.201544 0.0519 1.201595
-1.0774 1.193931 0.0347 1.194068 0.0520 1.194072
-1.0724 1.186498 0.0348 1.186596 0.0522 1.186576
-1.0674 1.179053 0.0349 1.179127 0.0524 1.179104
-1.0624 1.171598 0.0350 1.171662 0.0525 1.171652
-1.0574 1.164135 0.0351 1.164200 0.0527 1.164217
-1.0524 1.156665 0.0353 1.156739 0.0529 1.156790
-1.0474 1.149187 0.0354 1.149276 0.0530 1.149368
-1.0424 1.141702 0.0355 1.141807 0.0532 1.141943
-1.0374 1.134208 0.0356 1.134330 0.0534 1.134509
-1.0324 1.126706 0.0357 1.126842 0.0536 1.127059
-1.0274 1.119193 0.0358 1.119340 0.0538 1.119588
-1.0224 1.111671 0.0360 1.111822 0.0539 1.112091
-1.0174 1.104140 0.0361 1.104285 0.0541 1.104563
-1.0124 1.096600 0.0362 1.096729 0.0543 1.097001
-1.0074 1.089052 0.0363 1.089155 0.0545 1.089404
-1.0024 1.081500 0.0365 1.081563 0.0547 1.081770
-0.9974 1.073947 0.0366 1.073956 0.0549 1.074100
-0.9924 1.066396 0.0367 1.066336 0.0551 1.066397
-0.9874 1.058853 0.0368 1.058710 0.0553 1.058665
-0.9824 1.051324 0.0370 1.051083 0.0555 1.050910
-0.9774 1.043815 0.0371 1.043462 0.0557 1.043140
-0.9724 1.036335 0.0372 1.035856 0.0559 1.035364
-0.9674 1.028892 0.0374 1.028275 0.0561 1.027594
-0.9624 1.021496 0.0375 1.020729 0.0563 1.019842
-0.9574 1.014156 0.0377 1.013230 0.0565 1.012123
-0.9524 1.006882 0.0378 1.005790 0.0567 1.004452
-0.9474 0.999685 0.0379 0.998422 0.0569 0.996845
-0.9424 0.992576 0.0381 0.991139 0.0571 0.989318
-0.9374 0.985565 0.0382 0.983954 0.0573 0.981890
-0.9324 0.978664 0.0383 0.976881 0.0575 0.974575
-0.9274 0.971883 0.0385 0.969931 0.0578 0.967392
-0.9224 0.965231 0.0386 0.963118 0.0580 0.960355
-0.9174 0.958719 0.0387 0.956452 0.0582 0.953479
-0.9124 0.952355 0.0389 0.949945 0.0584 0.946777
-0.9074 0.946146 0.0390 0.943606 0.0586 0.940261
-0.9024 0.940102 0.0391 0.937443 0.0587 0.933942
-0.8974 0.934227 0.0393 0.931464 0.0589 0.927827
-0.8924 0.928528 0.0394 0.925675 0.0591 0.921925
-0.8874 0.923009 0.0395 0.920082 0.0593 0.916239
-0.8824 0.917674 0.0396 0.914687 0.0595 0.910774
-0.8774 0.912525 0.0397 0.909494 0.0596 0.905531
-0.8724 0.907566 0.0398 0.904504 0.0598 0.900511
-0.8674 0.902795 0.0399 0.899717 0.0600 0.895714
-0.8624 0.898215 0.0400 0.895133 0.0601 0.891137
-0.8574 0.893824 0.0401 0.890750 0.0603 0.886777
-0.8524 0.889622 0.0402 0.886567 0.0604 0.882631
-0.8474 0.885605 0.0403 0.882580 0.0605 0.878694
-0.8424 0.881773 0.0404 0.878786 0.0607 0.874961
-0.8374 0.878122 0.0405 0.875181 0.0608 0.871427
-0.8324 0.874649 0.0406 0.871761 0.0609 0.868085
-0.8274 0.871350 0.0407 0.868520 0.0610 0.864930
-0.8224 0.868221 0.0407 0.865455 0.0611 0.861955
-0.8174 0.865259 0.0408 0.862559 0.0612 0.859153
-0.8124 0.862458 0.0409 0.859828 0.0613 0.856519
-0.8074 0.859814 0.0409 0.857256 0.0614 0.854046
-0.8024 0.857323 0.0410 0.854838 0.0615 0.851727
-0.7974 0.854980 0.0410 0.852569 0.0616 0.849557
-0.7924 0.852780 0.0411 0.850443 0.0617 0.847530
-0.7874 0.850719 0.0411 0.848455 0.0618 0.845639
-0.7824 0.848793 0.0412 0.846601 0.0618 0.843879
-0.7774 0.846996 0.0412 0.844874 0.0619 0.842246
-0.7724 0.845324 0.0413 0.843272 0.0619 0.840733
-0.7674 0.843774 0.0413 0.841788 0.0620 0.839336
-0.7624 0.842340 0.0413 0.840420 0.0620 0.838050
-0.7574 0.841020 0.0414 0.839161 0.0621 0.836872
-0.7524 0.839809 0.0414 0.838010 0.0621 0.835796
-0.7474 0.838705 0.0414 0.836961 0.0622 0.834819
-0.7424 0.837702 0.0414 0.836012 0.0622 0.833938
-0.7374 0.836799 0.0415 0.835159 0.0622 0.833148
-0.7324 0.835992 0.0415 0.834399 0.0623 0.832448
-0.7274 0.835278 0.0415 0.833730 0.0623 0.831833
-0.7224 0.834655 0.0415 0.833147 0.0623 0.831302
-0.7174 0.834120 0.0415 0.832650 0.0623 0.830851
-0.7124 0.833672 0.0415 0.832236 0.0623 0.830480
-0.7074 0.833307 0.0416 0.831902 0.0624 0.830185
-0.7024 0.833025 0.0416 0.831648 0.0624 0.829965
-0.6974 0.832824 0.0416 0.831471 0.0624 0.829818
-0.6924 0.832701 0.0416 0.831369 0.0624 0.829743
-0.6874 0.832657 0.0416 0.831343 0.0624 0.829739
-0.6824 0.832689 0.0416 0.831390 0.0624 0.829804
-0.6774 0.832797 0.0416 0.831510 0.0624 0.829938
-0.6724 0.832981 0.0416 0.831702 0.0624 0.830141
-0.6674 0.833240 0.0416 0.831966 0.0624 0.830412
-0.6624 0.833573 0.0415 0.832302 0.0623 0.830750
-0.6574 0.833980 0.0415 0.832708 0.0623 0.831155
-0.6524 0.834462 0.0415 0.833186 0.0623 0.831628
-0.6474 0.835020 0.0415 0.833736 0.0623 0.832169
-0.6424 0.835652 0.0415 0.834358 0.0623 0.832779
-0.6374 0.836360 0.0415 0.835053 0.0622 0.833457
-0.6324 0.837145 0.0415 0.835822 0.0622 0.834205
-0.6274 0.838008 0.0414 0.836665 0.0622 0.835024
-0.6224 0.838950 0.0414 0.837584 0.0621 0.835915
-0.6174 0.839973 0.0414 0.838580 0.0621 0.836879
-0.6124 0.841078 0.0414 0.839656 0.0621 0.837918
-0.6074 0.842267 0.0413 0.840812 0.0620 0.839034
-0.6024 0.843542 0.0413 0.842050 0.0620 0.840228
-0.5974 0.844905 0.0413 0.843374 0.0619 0.841503
-0.5924 0.846359 0.0412 0.844785 0.0619 0.842860
-0.5874 0.847907 0.0412 0.846286 0.0618 0.844304
-0.5824 0.849552 0.0412 0.847880 0.0618 0.845836
-0.5774 0.851296 0.0411 0.849570 0.0617 0.847459
-0.5724 0.853143 0.0411 0.851359 0.0616 0.849176
-0.5674 0.855098 0.0410 0.853251 0.0616 0.850992
-0.5624 0.857163 0.0410 0.855250 0.0615 0.852909
-0.5574 0.859344 0.0409 0.857359 0.0614 0.854932
-0.5524 0.861644 0.0409 0.859585 0.0613 0.857065
-0.5474 0.864070 0.0408 0.861930 0.0613 0.859313
-0.5424 0.866625 0.0408 0.864400 0.0612 0.861680
-0.5374 0.869315 0.0407 0.867001 0.0611 0.864171
-0.5324 0.872147 0.0406 0.869738 0.0610 0.866792
-0.5274 0.875126 0.0406 0.872618 0.0609 0.869550
-0.5224 0.878259 0.0405 0.875646 0.0608 0.872449
-0.5174 0.881553 0.0404 0.878829 0.0607 0.875496
-0.5124 0.885016 0.0403 0.882176 0.0606 0.878699
-0.5074 0.888656 0.0403 0.885692 0.0604 0.882065
-0.5024 0.892481 0.0402 0.889388 0.0603 0.885602
-0.4974 0.896499 0.0401 0.893270 0.0602 0.889318
-0.4924 0.900721 0.0400 0.897350 0.0600 0.893222
-0.4874 0.905155 0.0399 0.901635 0.0599 0.897323
-0.4824 0.909814 0.0398 0.906137 0.0598 0.901632
-0.4774 0.914707 0.0397 0.910866 0.0596 0.906159
-0.4724 0.919847 0.0396 0.915834 0.0594 0.910914
-0.4674 0.925245 0.0395 0.921054 0.0593 0.915912
-0.4624 0.930916 0.0393 0.926538 0.0591 0.921163
-0.4574 0.936872 0.0392 0.932299 0.0589 0.926681
-0.4524 0.943128 0.0391 0.938354 0.0587 0.932482
-0.4474 0.949699 0.0390 0.944717 0.0585 0.938580
-0.4424 0.956602 0.0388 0.951404 0.0583 0.944992
-0.4374 0.963852 0.0387 0.958432 0.0581 0.951736
-0.4324 0.971467 0.0385 0.965820 0.0579 0.958830
-0.4274 0.979466 0.0384 0.973587 0.0577 0.966294
-0.4224 0.987865 0.0382 0.981752 0.0574 0.974149
-0.4174 0.996685 0.0380 0.990337 0.0572 0.982418
-0.4124 1.005946 0.0379 0.999363 0.0569 0.991125
-0.4074 1.015666 0.0377 1.008853 0.0566 1.000295
-0.4024 1.025865 0.0375 1.018829 0.0564 1.009955
-0.3974 1.036564 0.0373 1.029315 0.0561 1.020133
-0.3924 1.047782 0.0371 1.040335 0.0558 1.030856
-0.3874 1.059537 0.0369 1.051912 0.0555 1.042156
-0.3824 1.071848 0.0367 1.064070 0.0552 1.054062
-0.3774 1.084730 0.0365 1.076830 0.0548 1.066605
-0.3724 1.098198 0.0362 1.090213 0.0545 1.079813
-0.3674 1.112264 0.0360 1.104238 0.0541 1.093716
-0.3624 1.126937 0.0358 1.118922 0.0538 1.108340
-0.3574 1.142222 0.0355 1.134275 0.0534 1.123707
-0.3524 1.158121 0.0353 1.150306 0.0530 1.139837
-0.3474 1.174628 0.0350 1.167018 0.0527 1.156742
-0.3424 1.191735 0.0348 1.184407 0.0523 1.174428
-0.3374 1.209425 0.0345 1.202462 0.0519 1.192893
-0.3324 1.227676 0.0343 1.221162 0.0515 1.212124
-0.3274 1.246456 0.0340 1.240481 0.0511 1.232099
-0.3224 1.265728 0.0337 1.260380 0.0507 1.252781
-0.3174 1.285442 0.0335 1.280809 0.0503 1.274121
-0.3124 1.305543 0.0332 1.301710 0.0499 1.296058
-0.3074 1.325966 0.0329 1.323012 0.0495 1.318512
-0.3024 1.346636 0.0327 1.344633 0.0491 1.341394
-0.2974 1.367470 0.0324 1.366480 0.0487 1.364596
-0.2924 1.388378 0.0322 1.388450 0.0483 1.388000
-0.2874 1.409263 0.0319 1.410433 0.0479 1.411474
-0.2824 1.430019 0.0317 1.432308 0.0475 1.434878
-0.2774 1.450538 0.0315 1.453950 0.0472 1.458061
-0.2724 1.470709 0.0312 1.475228 0.0468 1.480866
-0.2674 1.490418 0.0310 1.496011 0.0465 1.503136
-0.2624 1.509554 0.0308 1.516166 0.0462 1.524712
-0.2574 1.528007 0.0306 1.535566 0.0459 1.545436
-0.2524 1.545674 0.0305 1.554088 0.0456 1.565161
-0.2474 1.562458 0.0303 1.571618 0.0453 1.583746
-0.2424 1.578273 0.0301 1.588053 0.0451 1.601067
-0.2374 1.593046 0.0300 1.603305 0.0449 1.617012
-0.2324 1.606717 0.0299 1.617302 0.0447 1.631494
-0.2274 1.619245 0.0297 1.629990 0.0445 1.644443
-0.2224 1.630604 0.0296 1.641337 0.0444 1.655817
-0.2174 1.640789 0.0296 1.651333 0.0442 1.665599
-0.2124 1.649815 0.0295 1.659990 0.0441 1.673799
-0.2074 1.657719 0.0294 1.667346 0.0440 1.680455
-0.2024 1.664557 0.0293 1.673459 0.0439 1.685632
-0.1974 1.670409 0.0293 1.678415 0.0439 1.689424
-0.1924 1.675373 0.0293 1.682319 0.0438 1.691948
-0.1874 1.679569 0.0292 1.685299 0.0438 1.693348
-0.1824 1.683134 0.0292 1.687503 0.0438 1.693787
-0.1774 1.686223 0.0292 1.689096 0.0438 1.693448
-0.1724 1.689010 0.0292 1.690260 0.0437 1.692531
-0.1674 1.691683 0.0292 1.691192 0.0437 1.691248
-0.1624 1.694445 0.0291 1.692100 0.0437 1.689822
-0.1574 1.697515 0.0291 1.693206 0.0437 1.688482
-0.1524 1.701127 0.0291 1.694739 0.0437 1.687463
-0.1474 1.705530 0.0291 1.696941 0.0437 1.687003
-0.1424 1.710992 0.0290 1.700065 0.0436 1.687340
-0.1374 1.717802 0.0290 1.704373 0.0436 1.688715
-0.1324 1.726272 0.0289 1.710148 0.0435 1.691374
-0.1274 1.736745 0.0289 1.717689 0.0434 1.695566
-0.1224 1.749603 0.0288 1.727325 0.0433 1.701552
-0.1174 1.765271 0.0286 1.739420 0.0432 1.709613
-0.1124 1.784232 0.0285 1.754386 0.0430 1.720062
-0.1074 1.807035 0.0283 1.772700 0.0428 1.733256
-0.1024 1.834313 0.0281 1.794920 0.0425 1.749620
-0.0974 1.866793 0.0279 1.821711 0.0422 1.769676
-0.0924 1.905314 0.0277 1.853870 0.0418 1.794077
-0.0874 1.950841 0.0274 1.892361 0.0414 1.823657
-0.0824 2.004472 0.0270 1.938353 0.0409 1.859494
-0.0774 2.067438 0.0266 1.993252 0.0404 1.902983
-0.0724 2.141092 0.0262 2.058740 0.0397 1.955938
-0.0674 2.226873 0.0257 2.136792 0.0390 2.020697
-0.0624 2.326225 0.0251 2.229665 0.0382 2.100239
-0.0574 2.440468 0.0245 2.339826 0.0373 2.198279
-0.0524 2.570595 0.0239 2.469775 0.0363 2.319278
-0.0474 2.716962 0.0232 2.621711 0.0353 2.468286
-0.0424 2.878881 0.0225 2.796956 0.0341 2.650430
-0.0374 3.054106 0.0218 2.995099 0.0330 2.869844
-0.0324 3.238302 0.0211 3.212859 0.0318 3.127711
-0.0274 3.424599 0.0205 3.442846 0.0307 3.419191
-0.0224 3.603465 0.0199 3.672707 0.0297 3.729533
-0.0174 3.763131 0.0194 3.885406 0.0288 4.031581
-0.0124 3.890697 0.0190 4.061219 0.0281 4.289934
-0.0074 3.973883 0.0188 4.181138 0.0277 4.471389
-0.0024 4.003058 0.0187 4.230421 0.0275 4.553385
 0.0026 3.973027 0.0188 4.201097 0.0276 4.525204
 0.0076 3.884063 0.0190 4.093115 0.0280 4.386087
 0.0126 3.741870 0.0194 3.914298 0.0287 4.145058
 0.0176 3.556492 0.0199 3.679257 0.0296 3.822973
 0.0226 3.340499 0.0206 3.406961 0.0308 3.452438
 0.0276 3.106949 0.0215 3.117299 0.0323 3.070155
 0.0326 2.867671 0.0225 2.827693 0.0339 2.705594
 0.0376 2.632192 0.0235 2.551031 0.0358 2.375643
 0.0426 2.407352 0.0247 2.295279 0.0378 2.086840
 0.0476 2.197456 0.0260 2.064248 0.0399 1.839321
 0.0526 2.004722 0.0273 1.858779 0.0421 1.629585
 0.0576 1.829823 0.0286 1.677845 0.0443 1.452738
 0.0626 1.672388 0.0300 1.519413 0.0466 1.303661
 0.0676 1.531415 0.0314 1.381024 0.0489 1.177575
 0.0726 1.405565 0.0329 1.260162 0.0512 1.070315
 0.0776 1.293370 0.0343 1.154434 0.0535 0.978410
 0.0826 1.193360 0.0357 1.061687 0.0558 0.899034
 0.0876 1.104140 0.0372 0.980046 0.0581 0.829932
 0.0926 1.024431 0.0386 0.907902 0.0603 0.769313
 0.0976 0.953084 0.0400 0.843893 0.0626 0.715766
 0.1026 0.889083 0.0415 0.786874 0.0648 0.668168
 0.1076 0.831536 0.0429 0.735885 0.0670 0.625629
 0.1126 0.779666 0.0443 0.690121 0.0692 0.587440
 0.1176 0.732799 0.0457 0.648908 0.0713 0.553027
 0.1226 0.690352 0.0470 0.611679 0.0734 0.521922
 0.1276 0.651817 0.0484 0.577956 0.0755 0.493737
 0.1326 0.616757 0.0498 0.547332 0.0776 0.468153
 0.1376 0.584791 0.0511 0.519461 0.0797 0.444895
 0.1426 0.555586 0.0524 0.494045 0.0817 0.423733
 0.1476 0.528855 0.0537 0.470828 0.0837 0.404464
 0.1526 0.504344 0.0550 0.449586 0.0856 0.386910
 0.1576 0.481831 0.0562 0.430123 0.0875 0.370913
 0.1626 0.461121 0.0574 0.412268 0.0894 0.356332
 0.1676 0.442041 0.0586 0.395868 0.0912 0.343037
 0.1726 0.424438 0.0598 0.380787 0.0929 0.330910
 0.1776 0.408177 0.0610 0.366906 0.0947 0.319841
 0.1826 0.393135 0.0621 0.354113 0.0963 0.309731
 0.1876 0.379206 0.0632 0.342312 0.0980 0.300486
 0.1926 0.366291 0.0643 0.331414 0.0995 0.292022
 0.1976 0.354304 0.0653 0.321340 0.1010 0.284260
 0.2026 0.343165 0.0663 0.312015 0.1025 0.277129
 0.2076 0.332804 0.0673 0.303373 0.1039 0.270565
 0.2126 0.323157 0.0682 0.295356 0.1053 0.264509
 0.2176 0.314165 0.0692 0.287909 0.1066 0.258909
 0.2226 0.305776 0.0701 0.280982 0.1079 0.253719
 0.2276 0.297942 0.0709 0.274531 0.1091 0.248898
 0.2326 0.290620 0.0718 0.268516 0.1103 0.244410
 0.2376 0.283768 0.0726 0.262900 0.1115 0.240222
 0.2426 0.277352 0.0734 0.257650 0.1126 0.236307
 0.2476 0.271339 0.0741 0.252735 0.1136 0.232639
 0.2526 0.265697 0.0748 0.248130 0.1146 0.229197
 0.2576 0.260400 0.0756 0.243809 0.1156 0.225961
 0.2626 0.255422 0.0762 0.239749 0.1166 0.222915
 0.2676 0.250740 0.0769 0.235932 0.1175 0.220043
 0.2726 0.246333 0.0775 0.232338 0.1184 0.217333
 0.2776 0.242182 0.0782 0.228950 0.1192 0.214772
 0.2826 0.238268 0.0788 0.225755 0.1201 0.212349
 0.2876 0.234574 0.0793 0.222737 0.1209 0.210053
 0.2926 0.231087 0.0799 0.219885 0.1216 0.207877
 0.2976 0.227792 0.0804 0.217187 0.1223 0.205812
 0.3026 0.224676 0.0809 0.214632 0.1231 0.203851
 0.3076 0.221728 0.0814 0.212212 0.1237 0.201987
 0.3126 0.218936 0.0819 0.209916 0.1244 0.200214
 0.3176 0.216291 0.0824 0.207738 0.1250 0.198527
 0.3226 0.213782 0.0828 0.205670 0.1257 0.196920
 0.3276 0.211403 0.0832 0.203704 0.1262 0.195389
 0.3326 0.209144 0.0837 0.201835 0.1268 0.193929
 0.3376 0.206998 0.0841 0.200056 0.1274 0.192536
 0.3426 0.204958 0.0845 0.198363 0.1279 0.191207
 0.3476 0.203019 0.0848 0.196750 0.1284 0.189938
 0.3526 0.201174 0.0852 0.195213 0.1289 0.188725
 0.3576 0.199417 0.0855 0.193747 0.1294 0.187566
 0.3626 0.197744 0.0859 0.192349 0.1298 0.186458
 0.3676 0.196150 0.0862 0.191014 0.1303 0.185397
 0.3726 0.194630 0.0865 0.189739 0.1307 0.184382
 0.3776 0.193180 0.0868 0.188521 0.1311 0.183411
 0.3826 0.191797 0.0871 0.187357 0.1315 0.182480
 0.3876 0.190476 0.0874 0.186244 0.1319 0.181588
 0.3926 0.189215 0.0876 0.185179 0.1323 0.180733
 0.3976 0.188010 0.0879 0.184161 0.1327 0.179913
 0.4026 0.186858 0.0882 0.183185 0.1330 0.179127
 0.4076 0.185756 0.0884 0.182251 0.1333 0.178372
 0.4126 0.184702 0.0886 0.181356 0.1337 0.177647
 0.4176 0.183694 0.0889 0.180498 0.1340 0.176952
 0.4226 0.182729 0.0891 0.179676 0.1343 0.176284
 0.4276 0.181804 0.0893 0.178887 0.1346 0.175642
 0.4326 0.180919 0.0895 0.178130 0.1348 0.175025
 0.4376 0.180070 0.0897 0.177404 0.1351 0.174431
 0.4426 0.179256 0.0899 0.176707 0.1354 0.173861
 0.4476 0.178476 0.0901 0.176038 0.1356 0.173312
 0.4526 0.177728 0.0902 0.175395 0.1359 0.172784
 0.4576 0.177010 0.0904 0.174777 0.1361 0.172276
 0.4626 0.176321 0.0906 0.174184 0.1363 0.171786
 0.4676 0.175659 0.0907 0.173613 0.1366 0.171315
 0.4726 0.175024 0.0909 0.173064 0.1368 0.170861
 0.4776 0.174413 0.0910 0.172536 0.1370 0.170423
 0.4826 0.173827 0.0912 0.172028 0.1372 0.170002
 0.4876 0.173263 0.0913 0.171539 0.1374 0.169595
 0.4926 0.172721 0.0915 0.171069 0.1376 0.169204
 0.4976 0.172200 0.0916 0.170616 0.1377 0.168826
 0.5026 0.171698 0.0917 0.170179 0.1379 0.168461
 0.5076 0.171216 0.0918 0.169759 0.1381 0.168109
 0.5126 0.170752 0.0919 0.169354 0.1382 0.167770
 0.5176 0.170305 0.0921 0.168963 0.1384 0.167442
 0.5226 0.169875 0.0922 0.168587 0.1386 0.167126
 0.5276 0.169460 0.0923 0.168224 0.1387 0.166820
 0.5326 0.169061 0.0924 0.167874 0.1388 0.166525
 0.5376 0.168676 0.0925 0.167536 0.1390 0.166239
 0.5426 0.168305 0.0926 0.167211 0.1391 0.165964
 0.5476 0.167948 0.0927 0.166896 0.1392 0.165697
 0.5526 0.167603 0.0928 0.166593 0.1394 0.165440
 0.5576 0.167271 0.0928 0.166300 0.1395 0.165191
 0.5626 0.166950 0.0929 0.166017 0.1396 0.164950
 0.5676 0.166641 0.0930 0.165743 0.1397 0.164717
 0.5726 0.166343 0.0931 0.165479 0.1398 0.164492
 0.5776 0.166055 0.0932 0.165224 0.1399 0.164274
 0.5826 0.165777 0.0932 0.164978 0.1400 0.164063
 0.5876 0.165508 0.0933 0.164740 0.1401 0.163858
 0.5926 0.165249 0.0934 0.164509 0.1402 0.163661
 0.5976 0.164998 0.0934 0.164286 0.1403 0.163469
 0.6026 0.164756 0.0935 0.164071 0.1404 0.163284
 0.6076 0.164522 0.0936 0.163863 0.1405 0.163104
 0.6126 0.164296 0.0936 0.163661 0.1406 0.162930
 0.6176 0.164078 0.0937 0.163466 0.1407 0.162761
 0.6226 0.163866 0.0938 0.163277 0.1408 0.162598
 0.6276 0.163662 0.0938 0.163094 0.1408 0.162439
 0.6326 0.163464 0.0939 0.162917 0.1409 0.162286
 0.6376 0.163273 0.0939 0.162746 0.1410 0.162137
 0.6426 0.163088 0.0940 0.162580 0.1411 0.161993
 0.6476 0.162909 0.0940 0.162419 0.1411 0.161853
 0.6526 0.162736 0.0941 0.162263 0.1412 0.161717
 0.6576 0.162568 0.0941 0.162112 0.1413 0.161585
 0.6626 0.162406 0.0941 0.161966 0.1413 0.161457
 0.6676 0.162248 0.0942 0.161824 0.1414 0.161333
 0.6726 0.162096 0.0942 0.161687 0.1414 0.161212
 0.6776 0.161948 0.0943 0.161554 0.1415 0.161096
 0.6826 0.161805 0.0943 0.161424 0.1416 0.160982
 0.6876 0.161667 0.0944 0.161299 0.1416 0.160872
 0.6926 0.161533 0.0944 0.161178 0.1417 0.160765
 0.6976 0.161402 0.0944 0.161060 0.1417 0.160661
 0.7026 0.161276 0.0945 0.160945 0.1418 0.160560
 0.7076 0.161154 0.0945 0.160834 0.1418 0.160462
 0.7126 0.161035 0.0945 0.160726 0.1419 0.160366
 0.7176 0.160920 0.0946 0.160622 0.1419 0.160274
 0.7226 0.160808 0.0946 0.160520 0.1420 0.160184
 0.7276 0.160700 0.0946 0.160421 0.1420 0.160096
 0.7326 0.160595 0.0947 0.160326 0.1420 0.160011
 0.7376 0.160493 0.0947 0.160233 0.1421 0.159928
 0.7426 0.160394 0.0947 0.160142 0.1421 0.159848
 0.7476 0.160298 0.0947 0.160054 0.1422 0.159769
 0.7526 0.160205 0.0948 0.159969 0.1422 0.159693
 0.7576 0.160114 0.0948 0.159886 0.1422 0.159619
 0.7626 0.160026 0.0948 0.159806 0.1423 0.159547
 0.7676 0.159940 0.0948 0.159727 0.1423 0.159477
 0.7726 0.159857 0.0949 0.159651 0.1423 0.159409
 0.7776 0.159777 0.0949 0.159577 0.1424 0.159343
 0.7826 0.159698 0.0949 0.159505 0.1424 0.159278
 0.7876 0.159622 0.0949 0.159435 0.1424 0.159215
 0.7926 0.159548 0.0950 0.159367 0.1425 0.159154
 0.7976 0.159476 0.0950 0.159301 0.1425 0.159094
 0.8026 0.159406 0.0950 0.159236 0.1425 0.159036
 0.8076 0.159338 0.0950 0.159173 0.1426 0.158980
 0.8126 0.159272 0.0950 0.159112 0.1426 0.158924
 0.8176 0.159207 0.0950 0.159053 0.1426 0.158871
 0.8226 0.159145 0.0951 0.158995 0.1426 0.158819
 0.8276 0.159084 0.0951 0.158939 0.1427 0.158768
 0.8326 0.159024 0.0951 0.158884 0.1427 0.158718
 0.8376 0.158967 0.0951 0.158830 0.1427 0.158670
 0.8426 0.158911 0.0951 0.158778 0.1427 0.158622
 0.8476 0.158856 0.0952 0.158728 0.1428 0.158577
 0.8526 0.158803 0.0952 0.158679 0.1428 0.158532
 0.8576 0.158751 0.0952 0.158630 0.1428 0.158488
 0.8626 0.158700 0.0952 0.158584 0.1428 0.158445
 0.8676 0.158651 0.0952 0.158538 0.1428 0.158404
 0.8726 0.158604 0.0952 0.158494 0.1429 0.158363
 0.8776 0.158557 0.0952 0.158450 0.1429 0.158324
 0.8826 0.158512 0.0953 0.158408 0.1429 0.158285
 0.8876 0.158467 0.0953 0.158367 0.1429 0.158248
 0.8926 0.158424 0.0953 0.158327 0.1429 0.158211
 0.8976 0.158382 0.0953 0.158288 0.1429 0.158175
 0.9026 0.158341 0.0953 0.158249 0.1430 0.158140
 0.9076 0.158302 0.0953 0.158212 0.1430 0.158106
 0.9126 0.158263 0.0953 0.158176 0.1430 0.158073
 0.9176 0.158225 0.0953 0.158141 0.1430 0.158041
 0.9226 0.158188 0.0953 0.158106 0.1430 0.158009
 0.9276 0.158152 0.0954 0.158072 0.1430 0.157978
 0.9326 0.158117 0.0954 0.158040 0.1431 0.157948
 0.9376 0.158082 0.0954 0.158007 0.1431 0.157918
 0.9426 0.158049 0.0954 0.157976 0.1431 0.157889
 0.9476 0.158016 0.0954 0.157946 0.1431 0.157861
 0.9526 0.157985 0.0954 0.157916 0.1431 0.157834
 0.9576 0.157954 0.0954 0.157887 0.1431 0.157807
 0.9626 0.157923 0.0954 0.157858 0.1431 0.157781
 0.9676 0.157894 0.0954 0.157830 0.1432 0.157755
 0.9726 0.157865 0.0954 0.157803 0.1432 0.157730
 0.9776 0.157837 0.0954 0.157777 0.1432 0.157705
 0.9826 0.157809 0.0955 0.157751 0.1432 0.157682
 0.9876 0.157782 0.0955 0.157726 0.1432 0.157658
 0.9926 0.157756 0.0955 0.157701 0.1432 0.157635
 0.9976 0.157731 0.0955 0.157677 0.1432 0.157613
 1.0026 0.157706 0.0955 0.157653 0.1432 0.157591
 1.0076 0.157681 0.0955 0.157630 0.1432 0.157570
 1.0126 0.157657 0.0955 0.157608 0.1433 0.157549
 1.0176 0.157634 0.0955 0.157586 0.1433 0.157529
 1.0226 0.157611 0.0955 0.157565 0.1433 0.157509
 1.0276 0.157589 0.0955 0.157544 0.1433 0.157489
 1.0326 0.157567 0.0955 0.157523 0.1433 0.157470
 1.0376 0.157546 0.0955 0.157503 0.1433 0.157451
 1.0426 0.157525 0.0955 0.157483 0.1433 0.157433
 1.0476 0.157505 0.0955 0.157464 0.1433 0.157415
 1.0526 0.157485 0.0956 0.157446 0.1433 0.157398
 1.0576 0.157466 0.0956 0.157427 0.1433 0.157381
 1.0626 0.157447 0.0956 0.157409 0.1433 0.157364
 1.0676 0.157429 0.0956 0.157392 0.1434 0.157347
 1.0726 0.157410 0.0956 0.157375 0.1434 0.157331
 1.0776 0.157393 0.0956 0.157358 0.1434 0.157316
 1.0826 0.157375 0.0956 0.157341 0.1434 0.157300
 1.0876 0.157359 0.0956 0.157325 0.1434 0.157285
 1.0926 0.157342 0.0956 0.157310 0.1434 0.157271
 1.0976 0.157326 0.0956 0.157294 0.1434 0.157256
 1.1026 0.157310 0.0956 0.157279 0.1434 0.157242
 1.1076 0.157294 0.0956 0.157264 0.1434 0.157228
 1.1126 0.157279 0.0956 0.157250 0.1434 0.157215
 1.1176 0.157264 0.0956 0.157236 0.1434 0.157201
 1.1226 0.157250 0.0956 0.157222 0.1434 0.157188
 1.1276 0.157236 0.0956 0.157208 0.1434 0.157176
 1.1326 0.157222 0.0956 0.157195 0.1434 0.157163
 1.1376 0.157208 0.0956 0.157182 0.1434 0.157151
 1.1426 0.157195 0.0956 0.157170 0.1435 0.157139
 1.1476 0.157182 0.0956 0.157157 0.1435 0.157127
 1.1526 0.157169 0.0956 0.157145 0.1435 0.157116
 1.1576 0.157156 0.0956 0.157133 0.1435 0.157105
 1.1626 0.157144 0.0957 0.157121 0.1435 0.157094
 1.1676 0.157132 0.0957 0.157110 0.1435 0.157083
 1.1726 0.157120 0.0957 0.157099 0.1435 0.157072
 1.1776 0.157109 0.0957 0.157088 0.1435 0.157062
 1.1826 0.157098 0.0957 0.157077 0.1435 0.157052
 1.1876 0.157087 0.0957 0.157066 0.1435 0.157042
 1.1926 0.157076 0.0957 0.157056 0.1435 0.157032
 1.1976 0.157065 0.0957 0.157046 0.1435 0.157022
 1.2026 0.157055 0.0957 0.157036 0.1435 0.157013
 1.2076 0.157045 0.0957 0.157026 0.1435 0.157004
 1.2126 0.157035 0.0957 0.157017 0.1435 0.156995
 1.2176 0.157025 0.0957 0.157007 0.1435 0.156986
 1.2226 0.157015 0.0957 0.156998 0.1435 0.156977
 1.2276 0.157006 0.0957 0.156989 0.1435 0.156969
 1.2326 0.156997 0.0957 0.156980 0.1435 0.156960
 1.2376 0.156988 0.0957 0.156972 0.1435 0.156952
 1.2426 0.156979 0.0957 0.156963 0.1435 0.156944
 1.2476 0.156970 0.0957 0.156955 0.1435 0.156936
 1.2526 0.156962 0.0957 0.156947 0.1436 0.156929
 1.2576 0.156953 0.0957 0.156939 0.1436 0.156921
 1.2626 0.156945 0.0957 0.156931 0.1436 0.156914
 1.2676 0.156937 0.0957 0.156923 0.1436 0.156906
 1.2726 0.156929 0.0957 0.156916 0.1436 0.156899
 1.2776 0.156922 0.0957 0.156908 0.1436 0.156892
 1.2826 0.156914 0.0957 0.156901 0.1436 0.156885
 1.2876 0.156907 0.0957 0.156894 0.1436 0.156878
 1.2926 0.156899 0.0957 0.156887 0.1436 0.156872
 1.2976 0.156892 0.0957 0.156880 0.1436 0.156865
 1.3026 0.156885 0.0957 0.156873 0.1436 0.156859
 1.3076 0.156878 0.0957 0.156867 0.1436 0.156852
 1.3126 0.156872 0.0957 0.156860 0.1436 0.156846
 1.3176 0.156865 0.0957 0.156854 0.1436 0.156840
 1.3226 0.156858 0.0957 0.156847 0.1436 0.156834
 1.3276 0.156852 0.0957 0.156841 0.1436 0.156828
 1.3326 0.156846 0.0957 0.156835 0.1436 0.156823
 1.3376 0.156840 0.0957 0.156829 0.1436 0.156817
 1.3426 0.156834 0.0957 0.156824 0.1436 0.156811
 1.3476 0.156828 0.0957 0.156818 0.1436 0.156806
 1.3526 0.156822 0.0957 0.156812 0.1436 0.156801
 1.3576 0.156816 0.0957 0.156807 0.1436 0.156795
 1.3626 0.156811 0.0958 0.156801 0.1436 0.156790
 1.3676 0.156805 0.0958 0.156796 0.1436 0.156785
 1.3726 0.156800 0.0958 0.156791 0.1436 0.156780
 1.3776 0.156794 0.0958 0.156786 0.1436 0.156775
 1.3826 0.156789 0.0958 0.156781 0.1436 0.156770
 1.3876 0.156784 0.0958 0.156776 0.1436 0.156766
 1.3926 0.156779 0.0958 0.156771 0.1436 0.156761
 1.3976 0.156774 0.0958 0.156766 0.1436 0.156757
 1.4026 0.156769 0.0958 0.156762 0.1436 0.156752
 1.4076 0.156765 0.0958 0.156757 0.1436 0.156748
 1.4126 0.156760 0.0958 0.156752 0.1436 0.156743
 1.4176 0.156755 0.0958 0.156748 0.1436 0.156739
 1.4226 0.156751 0.0958 0.156744 0.1436 0.156735
 1.4276 0.156746 0.0958 0.156739 0.1436 0.156731
 1.4326 0.156742 0.0958 0.156735 0.1436 0.156727
 1.4376 0.156738 0.0958 0.156731 0.1437 0.156723
 1.4426 0.156734 0.0958 0.156727 0.1437 0.156719
 1.4476 0.156729 0.0958 0.156723 0.1437 0.156715
 1.4526 0.156725 0.0958 0.156719 0.1437 0.156711
 1.4576 0.156721 0.0958 0.156715 0.1437 0.156708
 1.4626 0.156718 0.0958 0.156711 0.1437 0.156704
 1.4676 0.156714 0.0958 0.156708 0.1437 0.156700
 1.4726 0.156710 0.0958 0.156704 0.1437 0.156697
 1.4776 0.156706 0.0958 0.156700 0.1437 0.156693
 1.4826 0.156703 0.0958 0.156697 0.1437 0.156690
 1.4876 0.156699 0.0958 0.156693 0.1437 0.156687
 1.4926 0.156695 0.0958 0.156690 0.1437 0.156683
 1.4976 0.156692 0.0958 0.156687 0.1437 0.156680
 1.5026 0.156688 0.0958 0.156683 0.1437 0.156677
 1.5076 0.156685 0.0958 0.156680 0.1437 0.156674
 1.5126 0.156682 0.0958 0.156677 0.1437 0.156671
 1.5176 0.156679 0.0958 0.156674 0.1437 0.156668
 1.5226 0.156675 0.0958 0.156671 0.1437 0.156665
 1.5276 0.156672 0.0958 0.156668 0.1437 0.156662
 1.5326 0.156669 0.0958 0.156665 0.1437 0.156659
 1.5376 0.156666 0.0958 0.156662 0.1437 0.156656
 1.5426 0.156663 0.0958 0.156659 0.1437 0.156653
 1.5476 0.156660 0.0958 0.156656 0.1437 0.156650
 1.5526 0.156657 0.0958 0.156653 0.1437 0.156648
 1.5576 0.156654 0.0958 0.156650 0.1437 0.156645
 1.5626 0.156652 0.0958 0.156648 0.1437 0.156642
 1.5676 0.156649 0.0958 0.156645 0.1437 0.156640
 1.5726 0.156646 0.0958 0.156642 0.1437 0.156637
 1.5776 0.156644 0.0958 0.156640 0.1437 0.156635
 1.5826 0.156641 0.0958 0.156637 0.1437 0.156632
 1.5876 0.156638 0.0958 0.156635 0.1437 0.156630
 1.5926 0.156636 0.0958 0.156632 0.1437 0.156628
 1.5976 0.156633 0.0958 0.156630 0.1437 0.156625
 1.6026 0.156631 0.0958 0.156627 0.1437 0.156623
 1.6076 0.156628 0.0958 0.156625 0.1437 0.156621
 1.6126 0.156626 0.0958 0.156623 0.1437 0.156618
 1.6176 0.156624 0.0958 0.156620 0.1437 0.156616
 1.6226 0.156621 0.0958 0.156618 0.1437 0.156614
 1.6276 0.156619 0.0958 0.156616 0.1437 0.156612
 1.6326 0.156617 0.0958 0.156614 0.1437 0.156610
 1.6376 0.156615 0.0958 0.156612 0.1437 0.156608
 1.6426 0.156613 0.0958 0.156610 0.1437 0.156606
 1.6476 0.156610 0.0958 0.156607 0.1437 0.156604
 1.6526 0.156608 0.0958 0.156605 0.1437 0.156602
 1.6576 0.156606 0.0958 0.156603 0.1437 0.156600
 1.6626 0.156604 0.0958 0.156601 0.1437 0.156598
 1.6676 0.156602 0.0958 0.156599 0.1437 0.156596
 1.6726 0.156600 0.0958 0.156598 0.1437 0.156594
 1.6776 0.156598 0.0958 0.156596 0.1437 0.156592
 1.6826 0.156596 0.0958 0.156594 0.1437 0.156591
 1.6876 0.156595 0.0958 0.156592 0.1437 0.156589
 1.6926 0.156593 0.0958 0.156590 0.1437 0.156587
 1.6976 0.156591 0.0958 0.156588 0.1437 0.156585
 1.7026 0.156589 0.0958 0.156587 0.1437 0.156584
 1.7076 0.156587 0.0958 0.156585 0.1437 0.156582
 1.7126 0.156586 0.0958 0.156583 0.1437 0.156580
 1.7176 0.156584 0.0958 0.156582 0.1437 0.156579
 1.7226 0.156582 0.0958 0.156580 0.1437 0.156577
 1.7276 0.156581 0.0958 0.156578 0.1437 0.156576
 1.7326 0.156579 0.0958 0.156577 0.1437 0.156574
 1.7376 0.156577 0.0958 0.156575 0.1437 0.156572
 1.7426 0.156576 0.0958 0.156574 0.1437 0.156571
 1.7476 0.156574 0.0958 0.156572 0.1437 0.156569
 1.7526 0.156573 0.0958 0.156571 0.1437 0.156568
 1.7576 0.156571 0.0958 0.156569 0.1437 0.156567
 1.7626 0.156570 0.0958 0.156568 0.1437 0.156565
 1.7676 0.156568 0.0958 0.156566 0.1437 0.156564
 1.7726 0.156567 0.0958 0.156565 0.1437 0.156562
 1.7776 0.156565 0.0958 0.156563 0.1437 0.156561
 1.7826 0.156564 0.0958 0.156562 0.1437 0.156560
 1.7876 0.156563 0.0958 0.156561 0.1437 0.156558
 1.7926 0.156561 0.0958 0.156559 0.1437 0.156557
 1.7976 0.156560 0.0958 0.156558 0.1437 0.156556
 1.8026 0.156559 0.0958 0.156557 0.1437 0.156555
 1.8076 0.156557 0.0958 0.156555 0.1437 0.156553
 1.8126 0.156556 0.0958 0.156554 0.1437 0.156552
 1.8176 0.156555 0.0958 0.156553 0.1437 0.156551
 1.8226 0.156553 0.0958 0.156552 0.1437 0.156550
 1.8276 0.156552 0.0958 0.156551 0.1437 0.156549
 1.8326 0.156551 0.0958 0.156549 0.1437 0.156547
 1.8376 0.156550 0.0958 0.156548 0.1437 0.156546
 1.8426 0.156549 0.0958 0.156547 0.1437 0.156545
 1.8476 0.156547 0.0958 0.156546 0.1437 0.156544
 1.8526 0.156546 0.0958 0.156545 0.1437 0.156543
 1.8576 0.156545 0.0958 0.156544 0.1437 0.156542
 1.8626 0.156544 0.0958 0.156543 0.1437 0.156541
 1.8676 0.156543 0.0958 0.156542 0.1437 0.156540
 1.8726 0.156542 0.0958 0.156541 0.1437 0.156539
 1.8776 0.156541 0.0958 0.156539 0.1437 0.156538
 1.8826 0.156540 0.0958 0.156538 0.1437 0.156537
 1.8876 0.156539 0.0958 0.156537 0.1437 0.156536
 1.8926 0.156538 0.0958 0.156536 0.1437 0.156535
 1.8976 0.156537 0.0958 0.156535 0.1437 0.156534
 1.9026 0.156536 0.0958 0.156535 0.1437 0.156533
 1.9076 0.156535 0.0958 0.156534 0.1437 0.156532
 1.9126 0.156534 0.0958 0.156533 0.1437 0.156531
 1.9176 0.156533 0.0958 0.156532 0.1437 0.156530
 1.9226 0.156532 0.0958 0.156531 0.1437 0.156529
 1.9276 0.156531 0.0958 0.156530 0.1437 0.156528
 1.9326 0.156530 0.0958 0.156529 0.1437 0.156528
 1.9376 0.156529 0.0958 0.156528 0.1437 0.156527
 1.9426 0.156528 0.0958 0.156527 0.1437 0.156526
 1.9476 0.156528 0.0958 0.156526 0.1437 0.156525
 1.9526 0.156527 0.0958 0.156526 0.1437 0.156524
 1.9576 0.156526 0.0958 0.156525 0.1437 0.156523
 1.9626 0.156525 0.0958 0.156524 0.1437 0.156523
 1.9676 0.156524 0.0958 0.156523 0.1437 0.156522
 1.9726 0.156524 0.0958 0.156522 0.1437 0.156521
 1.9776 0.156523 0.0958 0.156522 0.1437 0.156520
 1.9826 0.156522 0.0958 0.156521 0.1437 0.156520
 1.9876 0.156521 0.0958 0.156520 0.1437 0.156519
 1.9926 0.156520 0.0958 0.156519 0.1437 0.156518
 1.9976 0.156520 0.0958 0.156519 0.1437 0.156517
 2.0026 0.156519 0.0958 0.156518 0.1437 0.156517
 2.0076 0.156518 0.0958 0.156517 0.1437 0.156516
 2.0126 0.156518 0.0958 0.156517 0.1437 0.156515
 2.0176 0.156517 0.0958 0.156516 0.1438 0.156515
 2.0226 0.156516 0.0958 0.156515 0.1438 0.156514
 2.0276 0.156515 0.0958 0.156515 0.1438 0.156513
 2.0326 0.156515 0.0958 0.156514 0.1438 0.156513
 2.0376 0.156514 0.0958 0.156513 0.1438 0.156512
 2.0426 0.156513 0.0958 0.156513 0.1438 0.156512
 2.0476 0.156513 0.0958 0.156512 0.1438 0.156511
 2.0526 0.156512 0.0958 0.156511 0.1438 0.156510
 2.0576 0.156512 0.0958 0.156511 0.1438 0.156510
 2.0626 0.156511 0.0958 0.156510 0.1438 0.156509
 2.0676 0.156510 0.0958 0.156510 0.1438 0.156509
 2.0726 0.156510 0.0958 0.156509 0.1438 0.156508
 2.0776 0.156509 0.0958 0.156508 0.1438 0.156507
 2.0826 0.156509 0.0958 0.156508 0.1438 0.156507
 2.0876 0.156508 0.0958 0.156507 0.1438 0.156506
 2.0926 0.156507 0.0958 0.156507 0.1438 0.156506
 2.0976 0.156507 0.0958 0.156506 0.1438 0.156505
 2.1026 0.156506 0.0958 0.156506 0.1438 0.156505
 2.1076 0.156506 0.0958 0.156505 0.1438 0.156504
 2.1126 0.156505 0.0958 0.156505 0.1438 0.156504
 2.1176 0.156505 0.0958 0.156504 0.1438 0.156503
 2.1226 0.156504 0.0958 0.156504 0.1438 0.156503
 2.1276 0.156504 0.0958 0.156503 0.1438 0.156502
 2.1326 0.156503 0.0958 0.156503 0.1438 0.156502
 2.1376 0.156503 0.0958 0.156502 0.1438 0.156501
 2.1426 0.156502 0.0958 0.156502 0.1438 0.156501
 2.1476 0.156502 0.0958 0.156501 0.1438 0.156500
 2.1526 0.156501 0.0958 0.156501 0.1438 0.156500
 2.1576 0.156501 0.0958 0.156500 0.1438 0.156499
 2.1626 0.156501 0.0958 0.156500 0.1438 0.156499
 2.1676 0.156500 0.0958 0.156499 0.1438 0.156499
 2.1726 0.156500 0.0958 0.156499 0.1438 0.156498
 2.1776 0.156499 0.0958 0.156499 0.1438 0.156498
 2.1826 0.156499 0.0958 0.156498 0.1438 0.156497
 2.1876 0.156498 0.0958 0.156498 0.1438 0.156497
 2.1926 0.156498 0.0958 0.156497 0.1438 0.156497
 2.1976 0.156498 0.0958 0.156497 0.1438 0.156496
 2.2026 0.156497 0.0958 0.156497 0.1438 0.156496
 2.2076 0.156497 0.0958 0.156496 0.1438 0.156495
 2.2126 0.156496 0.0958 0.156496 0.1438 0.156495
 2.2176 0.156496 0.0958 0.156495 0.1438 0.156495
 2.2226 0.156496 0.0958 0.156495 0.1438 0.156494
 2.2276 0.156495 0.0958 0.156495 0.1438 0.156494
 2.2326 0.156495 0.0958 0.156494 0.1438 0.156494
 2.2376 0.156495 0.0958 0.156494 0.1438 0.156493
 2.2426 0.156494 0.0958 0.156494 0.1438 0.156493
 2.2476 0.156494 0.0958 0.156493 0.1438 0.156493
 2.2526 0.156494 0.0958 0.156493 0.1438 0.156492
 2.2576 0.156493 0.0958 0.156493 0.1438 0.156492
 2.2626 0.156493 0.0958 0.156492 0.1438 0.156492
 2.2676 0.156493 0.0958 0.156492 0.1438 0.156492
 2.2726 0.156492 0.0958 0.156492 0.1438 0.156491
 2.2776 0.156492 0.0958 0.156492 0.1438 0.156491
 2.2826 0.156492 0.0958 0.156491 0.1438 0.156491
 2.2876 0.156492 0.0958 0.156491 0.1438 0.156490
 2.2926 0.156491 0.0958 0.156491 0.1438 0.156490
 2.2976 0.156491 0.0958 0.156490 0.1438 0.156490
 2.3026 0.156491 0.0958 0.156490 0.1438 0.156490
 2.3076 0.156490 0.0958 0.156490 0.1438 0.156489
 2.3126 0.156490 0.0958 0.156490 0.1438 0.156489
 2.3176 0.156490 0.0958 0.156489 0.1438 0.156489
 2.3226 0.156490 0.0958 0.156489 0.1438 0.156489
 2.3276 0.156489 0.0958 0.156489 0.1438 0.156488
 2.3326 0.156489 0.0958 0.156489 0.1438 0.156488
 2.3376 0.156489 0.0958 0.156489 0.1438 0.156488
 2.3426 0.156489 0.0958 0.156488 0.1438 0.156488
 2.3476 0.156489 0.0958 0.156488 0.1438 0.156487
 2.3526 0.156488 0.0958 0.156488 0.1438 0.156487
 2.3576 0.156488 0.0958 0.156488 0.1438 0.156487
 2.3626 0.156488 0.0958 0.156487 0.1438 0.156487
 2.3676 0.156488 0.0958 0.156487 0.1438 0.156487
 2.3726 0.156488 0.0958 0.156487 0.1438 0.156486
 2.3776 0.156487 0.0958 0.156487 0.1438 0.156486
 2.3826 0.156487 0.0958 0.156487 0.1438 0.156486
 2.3876 0.156487 0.0958 0.156487 0.1438 0.156486
 2.3926 0.156487 0.0958 0.156486 0.1438 0.156486
 2.3976 0.156487 0.0958 0.156486 0.1438 0.156486
 2.4026 0.156487 0.0958 0.156486 0.1438 0.156485
 2.4076 0.156486 0.0958 0.156486 0.1438 0.156485
 2.4126 0.156486 0.0958 0.156486 0.1438 0.156485
 2.4176 0.156486 0.0958 0.156486 0.1438 0.156485
 2.4226 0.156486 0.0958 0.156485 0.1438 0.156485
 2.4276 0.156486 0.0958 0.156485 0.1438 0.156485
 2.4326 0.156486 0.0958 0.156485 0.1438 0.156485
 2.4376 0.156486 0.0958 0.156485 0.1438 0.156485
 2.4426 0.156485 0.0958 0.156485 0.1438 0.156484
 2.4476 0.156485 0.0958 0.156485 0.1438 0.156484
 2.4526 0.156485 0.0958 0.156485 0.1438 0.156484
 2.4576 0.156485 0.0958 0.156485 0.1438 0.156484
 2.4626 0.156485 0.0958 0.156485 0.1438 0.156484
 2.4676 0.156485 0.0958 0.156484 0.1438 0.156484
 2.4726 0.156485 0.0958 0.156484 0.1438 0.156484
 2.4776 0.156485 0.0958 0.156484 0.1438 0.156484
 2.4826 0.156485 0.0958 0.156484 0.1438 0.156484
 2.4876 0.156485 0.0958 0.156484 0.1438 0.156484
 2.4926 0.156484 0.0958 0.156484 0.1438 0.156483
 2.4976 0.156484 0.0958 0.156484 0.1438 0.156483
 2.5026 0.156484 0.0958 0.156484 0.1438 0.156483
 2.5076 0.156484 0.0958 0.156484 0.1438 0.156483
 2.5126 0.156484 0.0958 0.156484 0.1438 0.156483
 2.5176 0.156484 0.0958 0.156484 0.1438 0.156483
 2.5226 0.156484 0.0958 0.156484 0.1438 0.156483
 2.5276 0.156484 0.0958 0.156484 0.1438 0.156483
 2.5326 0.156484 0.0958 0.156484 0.1438 0.156483
 2.5376 0.156484 0.0958 0.156484 0.1438 0.156483
 2.5426 0.156484 0.0958 0.156484 0.1438 0.156483
 2.5476 0.156484 0.0958 0.156484 0.1438 0.156483
 2.5526 0.156484 0.0958 0.156483 0.1438 0.156483
 2.5576 0.156484 0.0958 0.156483 0.1438 0.156483
 2.5626 0.156484 0.0958 0.156483 0.1438 0.156483
 2.5676 0.156484 0.0958 0.156483 0.1438 0.156483
 2.5726 0.156484 0.0958 0.156483 0.1438 0.156483
 2.5776 0.156484 0.0958 0.156483 0.1438 0.156483
 2.5826 0.156484 0.0958 0.156483 0.1438 0.156483
 2.5876 0.156484 0.0958 0.156484 0.1438 0.156483
 2.5926 0.156484 0.0958 0.156484 0.1438 0.156483
 2.5976 0.156484 0.0958 0.156484 0.1438 0.156483
 2.6026 0.156484 0.0958 0.156484 0.1438 0.156483
 2.6076 0.156484 0.0958 0.156484 0.1438 0.156483
 2.6126 0.156484 0.0958 0.156484 0.1438 0.156483
 2.6176 0.156484 0.0958 0.156484 0.1438 0.156483
 2.6226 0.156484 0.0958 0.156484 0.1438 0.156483
 2.6276 0.156484 0.0958 0.156484 0.1438 0.156483
 2.6326 0.156484 0.0958 0.156484 0.1438 0.156483
 2.6376 0.156484 0.0958 0.156484 0.1438 0.156483
 2.6426 0.156485 0.0958 0.156484 0.1438 0.156483
 2.6476 0.156485 0.0958 0.156484 0.1438 0.156484
 2.6526 0.156485 0.0958 0.156484 0.1438 0.156484
 2.6576 0.156485 0.0958 0.156484 0.1438 0.156484
 2.6626 0.156485 0.0958 0.156484 0.1438 0.156484
 2.6676 0.156485 0.0958 0.156484 0.1438 0.156484
 2.6726 0.156485 0.0958 0.156485 0.1438 0.156484
 2.6776 0.156485 0.0958 0.156485 0.1438 0.156484
 2.6826 0.156485 0.0958 0.156485 0.1438 0.156484
 2.6876 0.156485 0.0958 0.156485 0.1438 0.156484
 2.6926 0.156486 0.0958 0.156485 0.1438 0.156484
 2.6976 0.156486 0.0958 0.156485 0.1438 0.156485
 2.7026 0.156486 0.0958 0.156485 0.1438 0.156485
 2.7076 0.156486 0.0958 0.156485 0.1438 0.156485
 2.7126 0.156486 0.0958 0.156486 0.1438 0.156485
 2.7176 0.156486 0.0958 0.156486 0.1438 0.156485
 2.7226 0.156486 0.0958 0.156486 0.1438 0.156485
 2.7276 0.156487 0.0958 0.156486 0.1438 0.156485
 2.7326 0.156487 0.0958 0.156486 0.1438 0.156486
 2.7376 0.156487 0.0958 0.156486 0.1438 0.156486
 2.7426 0.156487 0.0958 0.156487 0.1438 0.156486
 2.7476 0.156487 0.0958 0.156487 0.1438 0.156486
 2.7526 0.156488 0.0958 0.156487 0.1438 0.156486
 2.7576 0.156488 0.0958 0.156487 0.1438 0.156486
 2.7626 0.156488 0.0958 0.156487 0.1438 0.156487
 2.7676 0.156488 0.0958 0.156488 0.1438 0.156487
 2.7726 0.156488 0.0958 0.156488 0.1438 0.156487
 2.7776 0.156489 0.0958 0.156488 0.1438 0.156487
 2.7826 0.156489 0.0958 0.156488 0.1438 0.156488
 2.7876 0.156489 0.0958 0.156489 0.1438 0.156488
 2.7926 0.156489 0.0958 0.156489 0.1438 0.156488
 2.7976 0.156490 0.0958 0.156489 0.1438 0.156488
 2.8026 0.156490 0.0958 0.156489 0.1438 0.156489
 2.8076 0.156490 0.0958 0.156490 0.1438 0.156489
 2.8126 0.156490 0.0958 0.156490 0.1438 0.156489
 2.8176 0.156491 0.0958 0.156490 0.1438 0.156489
 2.8226 0.156491 0.0958 0.156490 0.1438 0.156490
 2.8276 0.156491 0.0958 0.156491 0.1438 0.156490
 2.8326 0.156492 0.0958 0.156491 0.1438 0.156490
 2.8376 0.156492 0.0958 0.156491 0.1438 0.156490
 2.8426 0.156492 0.0958 0.156492 0.1438 0.156491
 2.8476 0.156493 0.0958 0.156492 0.1438 0.156491
 2.8526 0.156493 0.0958 0.156492 0.1438 0.156491
 2.8576 0.156493 0.0958 0.156493 0.1438 0.156492
 2.8626 0.156494 0.0958 0.156493 0.1438 0.156492
 2.8676 0.156494 0.0958 0.156493 0.1438 0.156492
 2.8726 0.156494 0.0958 0.156494 0.1438 0.156493
 2.8776 0.156495 0.0958 0.156494 0.1438 0.156493
 2.8826 0.156495 0.0958 0.156494 0.1438 0.156493
 2.8876 0.156496 0.0958 0.156495 0.1438 0.156494
 2.8926 0.156496 0.0958 0.156495 0.1438 0.156494
 2.8976 0.156496 0.0958 0.156496 0.1438 0.156495
 2.9026 0.156497 0.0958 0.156496 0.1438 0.156495
 2.9076 0.156497 0.0958 0.156496 0.1438 0.156495
 2.9126 0.156498 0.0958 0.156497 0.1438 0.156496
 2.9176 0.156498 0.0958 0.156497 0.1438 0.156496
 2.9226 0.156499 0.0958 0.156498 0.1438 0.156497
 2.9276 0.156499 0.0958 0.156498 0.1438 0.156497
 2.9326 0.156499 0.0958 0.156499 0.1438 0.156498
 2.9376 0.156500 0.0958 0.156499 0.1438 0.156498
 2.9426 0.156500 0.0958 0.156500 0.1438 0.156498
 2.9476 0.156501 0.0958 0.156500 0.1438 0.156499
 2.9526 0.156501 0.0958 0.156501 0.1438 0.156499
 2.9576 0.156502 0.0958 0.156501 0.1438 0.156500
 2.9626 0.156503 0.0958 0.156502 0.1438 0.156500
 2.9676 0.156503 0.0958 0.156502 0.1438 0.156501
 2.9726 0.156504 0.0958 0.156503 0.1438 0.156501
 2.9776 0.156504 0.0958 0.156503 0.1438 0.156502
 2.9826 0.156505 0.0958 0.156504 0.1438 0.156503
 2.9876 0.156505 0.0958 0.156504 0.1438 0.156503
 2.9926 0.156506 0.0958 0.156505 0.1438 0.156504
 2.9976 0.156507 0.0958 0.156506 0.1438 0.156504
 3.0026 0.156507 0.0958 0.156506 0.1438 0.156505
 3.0076 0.156508 0.0958 0.156507 0.1438 0.156505
 3.0126 0.156508 0.0958 0.156507 0.1438 0.156506
 3.0176 0.156509 0.0958 0.156508 0.1438 0.156507
 3.0226 0.156510 0.0958 0.156509 0.1438 0.156507
 3.0276 0.156511 0.0958 0.156509 0.1438 0.156508
 3.0326 0.156511 0.0958 0.156510 0.1438 0.156509
 3.0376 0.156512 0.0958 0.156511 0.1438 0.156509
 3.0426 0.156513 0.0958 0.156511 0.1438 0.156510
 3.0476 0.156513 0.0958 0.156512 0.1438 0.156511
 3.0526 0.156514 0.0958 0.156513 0.1438 0.156511
 3.0576 0.156515 0.0958 0.156514 0.1438 0.156512
 3.0626 0.156516 0.0958 0.156514 0.1438 0.156513
 3.0676 0.156516 0.0958 0.156515 0.1438 0.156513
 3.0726 0.156517 0.0958 0.156516 0.1438 0.156514
 3.0776 0.156518 0.0958 0.156517 0.1437 0.156515
 3.0826 0.156519 0.0958 0.156518 0.1437 0.156516
 3.0876 0.156520 0.0958 0.156518 0.1437 0.156517
 3.0926 0.156521 0.0958 0.156519 0.1437 0.156517
 3.0976 0.156522 0.0958 0.156520 0.1437 0.156518
 3.1026 0.156522 0.0958 0.156521 0.1437 0.156519
 3.1076 0.156523 0.0958 0.156522 0.1437 0.156520
 3.1126 0.156524 0.0958 0.156523 0.1437 0.156521
 3.1176 0.156525 0.0958 0.156524 0.1437 0.156522
 3.1226 0.156526 0.0958 0.156525 0.1437 0.156523
 3.1276 0.156527 0.0958 0.156526 0.1437 0.156524
 3.1326 0.156528 0.0958 0.156527 0.1437 0.156524
 3.1376 0.156529 0.0958 0.156528 0.1437 0.156525
 3.1426 0.156530 0.0958 0.156529 0.1437 0.156526
 3.1476 0.156531 0.0958 0.156530 0.1437 0.156527
 3.1526 0.156532 0.0958 0.156531 0.1437 0.156528
 3.1576 0.156533 0.0958 0.156532 0.1437 0.156529
 3.1626 0.156535 0.0958 0.156533 0.1437 0.156530
 3.1676 0.156536 0.0958 0.156534 0.1437 0.156532
 3.1726 0.156537 0.0958 0.156535 0.1437 0.156533
 3.1776 0.156538 0.0958 0.156536 0.1437 0.156534
 3.1826 0.156539 0.0958 0.156537 0.1437 0.156535
 3.1876 0.156540 0.0958 0.156538 0.1437 0.156536
 3.1926 0.156542 0.0958 0.156540 0.1437 0.156537
 3.1976 0.156543 0.0958 0.156541 0.1437 0.156538
 3.2026 0.156544 0.0958 0.156542 0.1437 0.156540
 3.2076 0.156546 0.0958 0.156543 0.1437 0.156541
 3.2126 0.156547 0.0958 0.156545 0.1437 0.156542
 3.2176 0.156548 0.0958 0.156546 0.1437 0.156543
 3.2226 0.156550 0.0958 0.156547 0.1437 0.156545
 3.2276 0.156551 0.0958 0.156549 0.1437 0.156546
 3.2326 0.156553 0.0958 0.156550 0.1437 0.156547
 3.2376 0.156554 0.0958 0.156552 0.1437 0.156549
 3.2426 0.156556 0.0958 0.156553 0.1437 0.156550
 3.2476 0.156557 0.0958 0.156555 0.1437 0.156551
 3.2526 0.156559 0.0958 0.156556 0.1437 0.156553
 3.2576 0.156560 0.0958 0.156558 0.1437 0.156554
 3.2626 0.156562 0.0958 0.156559 0.1437 0.156556
 3.2676 0.156563 0.0958 0.156561 0.1437 0.156557
 3.2726 0.156565 0.0958 0.156562 0.1437 0.156559
 3.2776 0.156567 0.0958 0.156564 0.1437 0.156560
 3.2826 0.156569 0.0958 0.156566 0.1437 0.156562
 3.2876 0.156570 0.0958 0.156567 0.1437 0.156564
 3.2926 0.156572 0.0958 0.156569 0.1437 0.156565
 3.2976 0.156574 0.0958 0.156571 0.1437 0.156567
 3.3026 0.156576 0.0958 0.156573 0.1437 0.156569
 3.3076 0.156578 0.0958 0.156574 0.1437 0.156570
 3.3126 0.156580 0.0958 0.156576 0.1437 0.156572
 3.3176 0.156582 0.0958 0.156578 0.1437 0.156574
 3.3226 0.156584 0.0958 0.156580 0.1437 0.156576
 3.3276 0.156586 0.0958 0.156582 0.1437 0.156578
 3.3326 0.156588 0.0958 0.156584 0.1437 0.156580
 3.3376 0.156590 0.0958 0.156586 0.1437 0.156582
 3.3426 0.156592 0.0958 0.156588 0.1437 0.156584
 3.3476 0.156594 0.0958 0.156590 0.1437 0.156586
 3.3526 0.156596 0.0958 0.156593 0.1437 0.156588
 3.3576 0.156599 0.0958 0.156595 0.1437 0.156590
 3.3626 0.156601 0.0958 0.156597 0.1437 0.156592
 3.3676 0.156603 0.0958 0.156599 0.1437 0.156594
 3.3726 0.156606 0.0958 0.156602 0.1437 0.156596
 3.3776 0.156608 0.0958 0.156604 0.1437 0.156599
 3.3826 0.156611 0.0958 0.156606 0.1437 0.156601
 3.3876 0.156613 0.0958 0.156609 0.1437 0.156603
 3.3926 0.156616 0.0958 0.156611 0.1437 0.156606
 3.3976 0.156619 0.0958 0.156614 0.1437 0.156608
 3.4026 0.156621 0.0958 0.156617 0.1437 0.156611
 3.4076 0.156624 0.0958 0.156619 0.1437 0.156613
 3.4126 0.156627 0.0958 0.156622 0.1437 0.156616
 3.4176 0.156630 0.0958 0.156625 0.1437 0.156619
 3.4226 0.156633 0.0958 0.156628 0.1437 0.156621
 3.4276 0.156636 0.0958 0.156630 0.1437 0.156624
 3.4326 0.156639 0.0958 0.156633 0.1437 0.156627
 3.4376 0.156642 0.0958 0.156636 0.1437 0.156630
 3.4426 0.156645 0.0958 0.156639 0.1437 0.156633
 3.4476 0.156648 0.0958 0.156643 0.1437 0.156635
 3.4526 0.156652 0.0958 0.156646 0.1437 0.156638
 3.4576 0.156655 0.0958 0.156649 0.1437 0.156642
 3.4626 0.156659 0.0958 0.156652 0.1437 0.156645
 3.4676 0.156662 0.0958 0.156656 0.1437 0.156648
 3.4726 0.156666 0.0958 0.156659 0.1437 0.156651
 3.4776 0.156669 0.0958 0.156663 0.1437 0.156654
 3.4826 0.156673 0.0958 0.156666 0.1437 0.156658
 3.4876 0.156677 0.0958 0.156670 0.1437 0.156661
 3.4926 0.156681 0.0958 0.156673 0.1437 0.156665
 3.4976 0.156685 0.0958 0.156677 0.1437 0.156668
 3.5026 0.156689 0.0958 0.156681 0.1437 0.156672
 3.5076 0.156693 0.0958 0.156685 0.1437 0.156676
 3.5126 0.156697 0.0958 0.156689 0.1437 0.156680
 3.5176 0.156701 0.0958 0.156693 0.1437 0.156684
 3.5226 0.156706 0.0958 0.156697 0.1437 0.156687
 3.5276 0.156710 0.0958 0.156702 0.1437 0.156692
 3.5326 0.156715 0.0958 0.156706 0.1437 0.156696
 3.5376 0.156719 0.0958 0.156710 0.1437 0.156700
 3.5426 0.156724 0.0958 0.156715 0.1437 0.156704
 3.5476 0.156729 0.0958 0.156720 0.1437 0.156709
 3.5526 0.156734 0.0958 0.156724 0.1437 0.156713
 3.5576 0.156739 0.0958 0.156729 0.1437 0.156718
 3.5626 0.156744 0.0958 0.156734 0.1437 0.156722
 3.5676 0.156749 0.0958 0.156739 0.1436 0.156727
 3.5726 0.156755 0.0958 0.156744 0.1436 0.156732
 3.5776 0.156760 0.0958 0.156750 0.1436 0.156737
 3.5826 0.156766 0.0958 0.156755 0.1436 0.156742
 3.5876 0.156772 0.0958 0.156760 0.1436 0.156747
 3.5926 0.156777 0.0958 0.156766 0.1436 0.156752
 3.5976 0.156783 0.0958 0.156772 0.1436 0.156758
 3.6026 0.156790 0.0958 0.156778 0.1436 0.156763
 3.6076 0.156796 0.0958 0.156783 0.1436 0.156769
 3.6126 0.156802 0.0958 0.156790 0.1436 0.156774
 3.6176 0.156809 0.0958 0.156796 0.1436 0.156780
 3.6226 0.156815 0.0958 0.156802 0.1436 0.156786
 3.6276 0.156822 0.0957 0.156809 0.1436 0.156792
 3.6326 0.156829 0.0957 0.156815 0.1436 0.156798
 3.6376 0.156836 0.0957 0.156822 0.1436 0.156805
 3.6426 0.156844 0.0957 0.156829 0.1436 0.156811
 3.6476 0.156851 0.0957 0.156836 0.1436 0.156818
 3.6526 0.156859 0.0957 0.156843 0.1436 0.156825
 3.6576 0.156866 0.0957 0.156851 0.1436 0.156832
 3.6626 0.156874 0.0957 0.156858 0.1436 0.156839
 3.6676 0.156882 0.0957 0.156866 0.1436 0.156846
 3.6726 0.156891 0.0957 0.156874 0.1436 0.156853
 3.6776 0.156899 0.0957 0.156882 0.1436 0.156861
 3.6826 0.156908 0.0957 0.156890 0.1436 0.156869
 3.6876 0.156917 0.0957 0.156898 0.1436 0.156876
 3.6926 0.156926 0.0957 0.156907 0.1436 0.156884
 3.6976 0.156935 0.0957 0.156916 0.1436 0.156893
 3.7026 0.156945 0.0957 0.156925 0.1436 0.156901
 3.7076 0.156955 0.0957 0.156934 0.1436 0.156910
 3.7126 0.156964 0.0957 0.156944 0.1436 0.156918
 3.7176 0.156975 0.0957 0.156953 0.1436 0.156927
 3.7226 0.156985 0.0957 0.156963 0.1435 0.156937
 3.7276 0.156996 0.0957 0.156973 0.1435 0.156946
 3.7326 0.157007 0.0957 0.156983 0.1435 0.156956
 3.7376 0.157018 0.0957 0.156994 0.1435 0.156965
 3.7426 0.157029 0.0957 0.157005 0.1435 0.156975
 3.7476 0.157041 0.0957 0.157016 0.1435 0.156986
 3.7526 0.157053 0.0957 0.157027 0.1435 0.156996
 3.7576 0.157066 0.0957 0.157039 0.1435 0.157007
 3.7626 0.157078 0.0957 0.157051 0.1435 0.157018
 3.7676 0.157091 0.0957 0.157063 0.1435 0.157029
 3.7726 0.157104 0.0957 0.157075 0.1435 0.157041
 3.7776 0.157118 0.0957 0.157088 0.1435 0.157053
 3.7826 0.157132 0.0957 0.157101 0.1435 0.157065
 3.7876 0.157146 0.0957 0.157114 0.1435 0.157077
 3.7926 0.157160 0.0956 0.157128 0.1435 0.157090
 3.7976 0.157175 0.0956 0.157142 0.1435 0.157103
 3.8026 0.157191 0.0956 0.157157 0.1435 0.157116
 3.8076 0.157206 0.0956 0.157171 0.1435 0.157129
 3.8126 0.157222 0.0956 0.157186 0.1434 0.157143
 3.8176 0.157239 0.0956 0.157202 0.1434 0.157157
 3.8226 0.157256 0.0956 0.157218 0.1434 0.157172
 3.8276 0.157273 0.0956 0.157234 0.1434 0.157187
 3.8326 0.157291 0.0956 0.157250 0.1434 0.157202
 3.8376 0.157309 0.0956 0.157267 0.1434 0.157218
 3.8426 0.157328 0.0956 0.157285 0.1434 0.157234
 3.8476 0.157347 0.0956 0.157303 0.1434 0.157250
 3.8526 0.157367 0.0956 0.157321 0.1434 0.157267
 3.8576 0.157387 0.0956 0.157340 0.1434 0.157284
 3.8626 0.157407 0.0956 0.157359 0.1434 0.157302
 3.8676 0.157429 0.0956 0.157379 0.1434 0.157320
 3.8726 0.157450 0.0956 0.157399 0.1433 0.157339
 3.8776 0.157473 0.0956 0.157420 0.1433 0.157358
 3.8826 0.157496 0.0955 0.157441 0.1433 0.157377
 3.8876 0.157519 0.0955 0.157463 0.1433 0.157397
 3.8926 0.157543 0.0955 0.157486 0.1433 0.157418
 3.8976 0.157568 0.0955 0.157509 0.1433 0.157439
 3.9026 0.157594 0.0955 0.157533 0.1433 0.157460
 3.9076 0.157620 0.0955 0.157557 0.1433 0.157482
 3.9126 0.157647 0.0955 0.157582 0.1433 0.157505
 3.9176 0.157674 0.0955 0.157607 0.1433 0.157528
 3.9226 0.157703 0.0955 0.157634 0.1432 0.157552
 3.9276 0.157732 0.0955 0.157661 0.1432 0.157577
 3.9326 0.157762 0.0955 0.157688 0.1432 0.157602
 3.9376 0.157792 0.0955 0.157717 0.1432 0.157627
 3.9426 0.157824 0.0955 0.157746 0.1432 0.157654
 3.9476 0.157857 0.0954 0.157776 0.1432 0.157681
 3.9526 0.157890 0.0954 0.157807 0.1432 0.157709
 3.9576 0.157924 0.0954 0.157839 0.1432 0.157737
 3.9626 0.157960 0.0954 0.157871 0.1431 0.157767
 3.9676 0.157996 0.0954 0.157905 0.1431 0.157797
 3.9726 0.158033 0.0954 0.157939 0.1431 0.157828
 3.9776 0.158072 0.0954 0.157974 0.1431 0.157860
 3.9826 0.158111 0.0954 0.158011 0.1431 0.157892
 3.9876 0.158152 0.0954 0.158048 0.1431 0.157926
 3.9926 0.158194 0.0953 0.158086 0.1430 0.157960
 3.9976 0.158237 0.0953 0.158126 0.1430 0.157996
 4.0026 0.158281 0.0953 0.158166 0.1430 0.158032
 4.0076 0.158326 0.0953 0.158208 0.1430 0.158069
 4.0126 0.158373 0.0953 0.158251 0.1430 0.158108
 4.0176 0.158422 0.0953 0.158295 0.1429 0.158147
 4.0226 0.158471 0.0953 0.158341 0.1429 0.158188
 4.0276 0.158522 0.0953 0.158387 0.1429 0.158229
 4.0326 0.158575 0.0952 0.158436 0.1429 0.158272
 4.0376 0.158630 0.0952 0.158485 0.1429 0.158316
 4.0426 0.158686 0.0952 0.158536 0.1428 0.158362
 4.0476 0.158743 0.0952 0.158589 0.1428 0.158408
 4.0526 0.158803 0.0952 0.158643 0.1428 0.158456
 4.0576 0.158864 0.0952 0.158699 0.1428 0.158506
 4.0626 0.158927 0.0951 0.158756 0.1427 0.158556
 4.0676 0.158992 0.0951 0.158815 0.1427 0.158609
 4.0726 0.159059 0.0951 0.158876 0.1427 0.158662
 4.0776 0.159128 0.0951 0.158939 0.1427 0.158718
 4.0826 0.159200 0.0951 0.159003 0.1426 0.158775
 4.0876 0.159273 0.0950 0.159070 0.1426 0.158833
 4.0926 0.159349 0.0950 0.159138 0.1426 0.158894
 4.0976 0.159427 0.0950 0.159209 0.1425 0.158956
 4.1026 0.159508 0.0950 0.159282 0.1425 0.159020
 4.1076 0.159592 0.0949 0.159357 0.1425 0.159086
 4.1126 0.159678 0.0949 0.159435 0.1424 0.159153
 4.1176 0.159767 0.0949 0.159515 0.1424 0.159223
 4.1226 0.159858 0.0949 0.159598 0.1424 0.159296
 4.1276 0.159953 0.0948 0.159683 0.1423 0.159370
 4.1326 0.160051 0.0948 0.159771 0.1423 0.159446
 4.1376 0.160152 0.0948 0.159861 0.1422 0.159525
 4.1426 0.160257 0.0948 0.159955 0.1422 0.159607
 4.1476 0.160364 0.0947 0.160052 0.1422 0.159690
 4.1526 0.160476 0.0947 0.160152 0.1421 0.159777
 4.1576 0.160591 0.0947 0.160255 0.1421 0.159866
 4.1626 0.160710 0.0946 0.160361 0.1420 0.159958
 4.1676 0.160834 0.0946 0.160471 0.1420 0.160053
 4.1726 0.160961 0.0946 0.160585 0.1419 0.160151
 4.1776 0.161093 0.0945 0.160702 0.1419 0.160252
 4.1826 0.161229 0.0945 0.160823 0.1418 0.160356
 4.1876 0.161370 0.0944 0.160949 0.1418 0.160464
 4.1926 0.161516 0.0944 0.161078 0.1417 0.160575
 4.1976 0.161668 0.0944 0.161212 0.1417 0.160690
 4.2026 0.161824 0.0943 0.161351 0.1416 0.160808
 4.2076 0.161986 0.0943 0.161494 0.1415 0.160931
 4.2126 0.162154 0.0942 0.161643 0.1415 0.161057
 4.2176 0.162327 0.0942 0.161796 0.1414 0.161188
 4.2226 0.162507 0.0941 0.161955 0.1413 0.161323
 4.2276 0.162694 0.0941 0.162119 0.1413 0.161462
 4.2326 0.162887 0.0940 0.162289 0.1412 0.161607
 4.2376 0.163087 0.0940 0.162465 0.1411 0.161756
 4.2426 0.163295 0.0939 0.162648 0.1410 0.161910
 4.2476 0.163510 0.0939 0.162837 0.1410 0.162069
 4.2526 0.163733 0.0938 0.163032 0.1409 0.162234
 4.2576 0.163965 0.0937 0.163235 0.1408 0.162405
 4.2626 0.164205 0.0937 0.163445 0.1407 0.162581
 4.2676 0.164454 0.0936 0.163663 0.1406 0.162764
 4.2726 0.164713 0.0935 0.163889 0.1405 0.162953
 4.2776 0.164982 0.0935 0.164123 0.1404 0.163149
 4.2826 0.165260 0.0934 0.164365 0.1403 0.163351
 4.2876 0.165550 0.0933 0.164617 0.1402 0.163561
 4.2926 0.165851 0.0932 0.164879 0.1401 0.163779
 4.2976 0.166163 0.0932 0.165150 0.1400 0.164004
 4.3026 0.166488 0.0931 0.165431 0.1399 0.164237
 4.3076 0.166826 0.0930 0.165723 0.1397 0.164479
 4.3126 0.167177 0.0929 0.166027 0.1396 0.164730
 4.3176 0.167542 0.0928 0.166342 0.1395 0.164990
 4.3226 0.167921 0.0927 0.166669 0.1394 0.165260
 4.3276 0.168316 0.0926 0.167009 0.1392 0.165539
 4.3326 0.168727 0.0925 0.167363 0.1391 0.165830
 4.3376 0.169155 0.0924 0.167730 0.1389 0.166131
 4.3426 0.169600 0.0923 0.168112 0.1388 0.166444
 4.3476 0.170064 0.0922 0.168510 0.1386 0.166768
 4.3526 0.170547 0.0920 0.168923 0.1384 0.167105
 4.3576 0.171050 0.0919 0.169353 0.1383 0.167456
 4.3626 0.171575 0.0918 0.169801 0.1381 0.167820
 4.3676 0.172121 0.0916 0.170267 0.1379 0.168198
 4.3726 0.172691 0.0915 0.170753 0.1377 0.168591
 4.3776 0.173286 0.0914 0.171258 0.1375 0.168999
 4.3826 0.173906 0.0912 0.171785 0.1373 0.169424
 4.3876 0.174553 0.0910 0.172334 0.1371 0.169866
 4.3926 0.175229 0.0909 0.172906 0.1369 0.170327
 4.3976 0.175934 0.0907 0.173503 0.1366 0.170805
 4.4026 0.176671 0.0905 0.174125 0.1364 0.171304
 4.4076 0.177441 0.0904 0.174774 0.1361 0.171823
 4.4126 0.178245 0.0902 0.175452 0.1359 0.172364
 4.4176 0.179086 0.0900 0.176160 0.1356 0.172928
 4.4226 0.179966 0.0898 0.176898 0.1353 0.173515
 4.4276 0.180886 0.0896 0.177670 0.1350 0.174128
 4.4326 0.181849 0.0893 0.178477 0.1347 0.174766
 4.4376 0.182856 0.0891 0.179320 0.1344 0.175433
 4.4426 0.183912 0.0889 0.180202 0.1341 0.176128
 4.4476 0.185018 0.0886 0.181125 0.1338 0.176855
 4.4526 0.186176 0.0884 0.182090 0.1334 0.177613
 4.4576 0.187391 0.0881 0.183101 0.1331 0.178405
 4.4626 0.188665 0.0878 0.184159 0.1327 0.179233
 4.4676 0.190001 0.0875 0.185268 0.1323 0.180099
 4.4726 0.191404 0.0872 0.186431 0.1319 0.181004
 4.4776 0.192877 0.0869 0.187651 0.1315 0.181952
 4.4826 0.194424 0.0866 0.188930 0.1310 0.182943
 4.4876 0.196050 0.0863 0.190273 0.1306 0.183982
 4.4926 0.197759 0.0859 0.191684 0.1301 0.185069
 4.4976 0.199557 0.0856 0.193167 0.1296 0.186209
 4.5026 0.201449 0.0852 0.194725 0.1291 0.187405
 4.5076 0.203440 0.0848 0.196366 0.1286 0.188659
 4.5126 0.205536 0.0844 0.198092 0.1280 0.189975
 4.5176 0.207745 0.0840 0.199911 0.1275 0.191358
 4.5226 0.210073 0.0836 0.201829 0.1269 0.192811
 4.5276 0.212528 0.0831 0.203852 0.1263 0.194340
 4.5326 0.215117 0.0827 0.205987 0.1256 0.195949
 4.5376 0.217849 0.0822 0.208244 0.1249 0.197644
 4.5426 0.220733 0.0817 0.210631 0.1243 0.199432
 4.5476 0.223778 0.0811 0.213156 0.1235 0.201320
 4.5526 0.226995 0.0806 0.215832 0.1228 0.203315
 4.5576 0.230394 0.0800 0.218670 0.1220 0.205428
 4.5626 0.233987 0.0795 0.221681 0.1212 0.207669
 4.5676 0.237785 0.0789 0.224880 0.1204 0.210049
 4.5726 0.241802 0.0782 0.228282 0.1195 0.212582
 4.5776 0.246049 0.0776 0.231902 0.1186 0.215287
 4.5826 0.250541 0.0769 0.235759 0.1176 0.218181
 4.5876 0.255293 0.0762 0.239870 0.1167 0.221286
 4.5926 0.260319 0.0755 0.244256 0.1156 0.224626
 4.5976 0.265634 0.0748 0.248939 0.1146 0.228229
 4.6026 0.271254 0.0740 0.253941 0.1135 0.232129
 4.6076 0.277196 0.0732 0.259286 0.1123 0.236361
 4.6126 0.283476 0.0724 0.264997 0.1111 0.240965
 4.6176 0.290111 0.0716 0.271101 0.1099 0.245984
 4.6226 0.297117 0.0707 0.277622 0.1086 0.251464
 4.6276 0.304510 0.0699 0.284587 0.1073 0.257451
 4.6326 0.312308 0.0690 0.292021 0.1059 0.263995
 4.6376 0.320526 0.0681 0.299947 0.1045 0.271142
 4.6426 0.329180 0.0671 0.308390 0.1031 0.278937
 4.6476 0.338284 0.0662 0.317371 0.1016 0.287421
 4.6526 0.347851 0.0653 0.326910 0.1001 0.296631
 4.6576 0.357894 0.0643 0.337024 0.0986 0.306597
 4.6626 0.368423 0.0634 0.347727 0.0970 0.317344
 4.6676 0.379448 0.0624 0.359031 0.0955 0.328888
 4.6726 0.390976 0.0614 0.370943 0.0939 0.341243
 4.6776 0.403010 0.0605 0.383467 0.0923 0.354406
 4.6826 0.415554 0.0595 0.396602 0.0907 0.368371
 4.6876 0.428607 0.0585 0.410343 0.0892 0.383124
 4.6926 0.442166 0.0576 0.424683 0.0876 0.398641
 4.6976 0.456225 0.0566 0.439607 0.0861 0.414895
 4.7026 0.470775 0.0557 0.455097 0.0846 0.431848
 4.7076 0.485803 0.0548 0.471132 0.0831 0.449460
 4.7126 0.501293 0.0539 0.487685 0.0816 0.467682
 4.7176 0.517227 0.0530 0.504725 0.0802 0.486460
 4.7226 0.533582 0.0522 0.522219 0.0788 0.505739
 4.7276 0.550334 0.0513 0.540129 0.0775 0.525457
 4.7326 0.567454 0.0505 0.558416 0.0762 0.545552
 4.7376 0.584913 0.0497 0.577035 0.0749 0.565959
 4.7426 0.602676 0.0490 0.595944 0.0737 0.586614
 4.7476 0.620711 0.0482 0.615095 0.0726 0.607452
 4.7526 0.638979 0.0475 0.634443 0.0714 0.628412
 4.7576 0.657443 0.0468 0.653940 0.0703 0.649432
 4.7626 0.676066 0.0462 0.673540 0.0693 0.670454
 4.7676 0.694809 0.0455 0.693199 0.0683 0.691426
 4.7726 0.713632 0.0449 0.712872 0.0674 0.712297
 4.7776 0.732500 0.0443 0.732518 0.0664 0.733022
 4.7826 0.751374 0.0437 0.752096 0.0656 0.753559
 4.7876 0.770219 0.0432 0.771572 0.0647 0.773875
 4.7926 0.789003 0.0427 0.790911 0.0639 0.793937
 4.7976 0.807693 0.0422 0.810083 0.0632 0.813720
 4.8026 0.826261 0.0417 0.829062 0.0624 0.833203
 4.8076 0.844680 0.0412 0.847823 0.0617 0.852370
 4.8126 0.862927 0.0408 0.866348 0.0611 0.871209
 4.8176 0.880980 0.0404 0.884621 0.0604 0.889712
 4.8226 0.898821 0.0400 0.902627 0.0598 0.907873
 4.8276 0.916434 0.0396 0.920357 0.0593 0.925694
 4.8326 0.933807 0.0392 0.937804 0.0587 0.943174
 4.8376 0.950929 0.0388 0.954964 0.0582 0.960320
 4.8426 0.967790 0.0385 0.971834 0.0577 0.977137
 4.8476 0.984386 0.0382 0.988413 0.0572 0.993635
 4.8526 1.000709 0.0379 1.004704 0.0567 1.009823
 4.8576 1.016758 0.0376 1.020709 0.0563 1.025711
 4.8626 1.032529 0.0373 1.036430 0.0559 1.041312
 4.8676 1.048020 0.0370 1.051872 0.0554 1.056636
 4.8726 1.063228 0.0367 1.067038 0.0550 1.071695
 4.8776 1.078152 0.0365 1.081931 0.0547 1.086497
 4.8826 1.092788 0.0362 1.096553 0.0543 1.101053
 4.8876 1.107132 0.0360 1.110905 0.0539 1.115369
 4.8926 1.121179 0.0358 1.124986 0.0536 1.129451
 4.8976 1.134921 0.0356 1.138793 0.0533 1.143300
 4.9026 1.148347 0.0354 1.152319 0.0530 1.156915
 4.9076 1.161446 0.0352 1.165555 0.0527 1.170293
 4.9126 1.174201 0.0350 1.178489 0.0524 1.183424
 4.9176 1.186593 0.0348 1.191104 0.0521 1.196296
 4.9226 1.198600 0.0346 1.203380 0.0518 1.208891
 4.9276 1.210194 0.0344 1.215290 0.0516 1.221185
 4.9326 1.221346 0.0343 1.226805 0.0513 1.233151
 4.9376 1.232020 0.0341 1.237889 0.0511 1.244753
 4.9426 1.242177 0.0340 1.248504 0.0509 1.255950
 4.9476 1.251773 0.0338 1.258603 0.0507 1.266695
 4.9526 1.260761 0.0337 1.268136 0.0505 1.276936
 4.9576 1.269089 0.0336 1.277049 0.0503 1.286614
 4.9626 1.276704 0.0335 1.285283 0.0501 1.295663
 4.9676 1.283546 0.0334 1.292774 0.0500 1.304014
 4.9726 1.289555 0.0333 1.299456 0.0499 1.311591
 4.9776 1.294669 0.0333 1.305259 0.0498 1.318317
 4.9826 1.298823 0.0332 1.310113 0.0497 1.324109
 4.9876 1.301955 0.0332 1.313943 0.0496 1.328884
 4.9926 1.304000 0.0331 1.316679 0.0495 1.332558
/* Neutron Beam: z=-13.189 cm
/* Neutron Beam: dz= 9.000 cm
/* Neutron Beam: r= 2.847 cm
/* Filter: z=-0.235 cm
/* Filter: r=1.870 cm (decay volume size: 229.1 cm^3, efficiency: 12.3%)
/* Filter: alpha=17.317 m^-1 (axis), 14.990 m^-1 (off axis)
